free_thresh: 0.196
image: cropped2.pgm
negate: 0
occupied_thresh: 0.65
origin: [-0.09999999999999964, -0.29999999999999893, 0.0]
resolution: 0.1
